Homo sapiens
12313291
12313231
12313221
12313181
12313171
12313131
12313121
12313111
12313041
12302241
12278241
12278231
12278221
12278211
11968871
11968861
11968211
11828891
11640511
11467661
11454691
11215711
11215701
11022991
11022561
11022551
11022541
11022531
11022521
11022511
11022501
11022491
11004671
10756461
10699961
10699951
10699941
10699931
10699921
10699911
10699901
10699891
10699881
10699871
10300911
10289061
10289051
10289041
10289001
10123691
10123681
10123671
10123661
10123651
10123641
10123631
10123621
10123611
10123601
10123591
10123581
10123571
10123561
10123551
10123541
10123531
10123521
10123511
10123501
10123491
10123481
10123471
10123461
10123451
10123441
10123431
10123421
10123411
10123401
10123391
10123381
10102671
10102661
10102651
10102641
10102631
10102621
10102611
10102601
10102511
10102501
10102491
10102481
10102471
10102461
10102451
10102441
10102431
10102421
10102411
10102401
10102391
10102381
10102301
10102201
10102191
10102181
10102171
10102161
10102151
10102141
10101861
10101851
10101841
10101621
10101611
10101601
10101581
10101471
10101261
10101221
10101211
10101201
10101191
10101181
10100991
10100961
10100941
10100871
10100771
10100761
10100481
10100461
10100261
10100251
10100241
10100171
10100081
10100071
10095831
10074191
10071621
10071611
10071601
10067031
10067021
10067011
9319991
9319981
9291601
9199271
8547581
8544861
8384291
8382051
8382041
8381991
8381981
8381971
8381961
8381951
8381941
8381931
8381921
8381911
8381901
8381891
8381881
8381871
8381861
8381851
8381841
8381831
8381821
8381811
8381801
8381791
8381301
8381291
8381251
8381241
8381231
8381121
8381111
8381091
8381071
8381051
8381041
8381031
8381021
8381011
8381001
8380991
8380981
8380971
8380961
8380951
8380941
8380931
8380921
8380911
8380901
8380891
8380881
8380871
8380861
8380851
8380841
8380831
8380821
8380811
8380801
8380791
8380781
8380771
8380761
8380751
8380741
8380731
8380721
8380711
8380701
8380691
8380681
8380671
8380661
8380651
8380641
8380631
8380621
8380611
8380601
8380591
8380581
8380571
8380561
8380551
8380541
8380531
8380521
8380511
8380501
8380491
8380481
8380471
8380461
8380451
8380421
8380411
8380401
8380391
8380381
8380371
8380361
8380351
8380341
8380331
8380321
8380311
8380301
8380291
8380281
8380271
8380261
8380251
8380241
8380231
8380221
8380211
8380191
8380161
8380151
8380141
8380131
8380121
8380111
8380101
8380091
8380081
8380071
8380061
8380051
8380041
8380031
8380021
8380011
8380001
8379991
8379981
8379971
8379961
8379951
8379941
8379931
8379921
8379911
8379901
8379891
8379881
8379871
8379861
8379851
8379841
8379831
8379821
8379811
8379801
8379791
8379781
8379771
8379761
8379751
8379741
8379731
8379721
8379711
8379701
8379691
8379681
8379671
8379661
8379651
8379641
8379631
8379621
8379611
8379601
8379591
8379581
8379571
8379561
8379551
8379541
8379521
8379501
8379491
8379481
8379471
8379461
8379451
8379441
8379431
8379421
8379411
8379401
8379391
8379381
8379371
8379361
8379351
8379341
8379331
8379311
8379301
8379291
8379281
8379271
8379261
8379251
8379241
8379231
8379221
8379211
8379201
8379191
8379181
8379171
8379161
8379151
8379141
8379131
8379121
8379111
8379101
8379091
8379081
8379071
8379061
8379051
8379041
8379031
8379021
8379011
8379001
8378991
8378981
8378971
8378961
8378941
8378931
8378921
8378911
8378901
8378891
8378881
8378871
8378861
8378851
8378841
8378831
8378821
8378811
8378801
8378791
8378781
8378761
8378751
8378741
8378731
8378721
8378701
8378681
8378671
8378661
8378651
8378641
8378631
8378561
8378381
8378341
8378311
8378271
8378261
8378251
8378241
8378231
8378221
8378211
8378201
8378191
8378181
8378161
8378151
8378041
8378031
8378021
8378001
8377981
8377971
8377961
8377951
8377911
8377691
8377681
8377661
8377611
8377601
8377591
8377571
8377561
8377541
8377421
8377401
8377351
8377331
8377321
8377311
8377271
8377241
8377221
8377201
8377191
8376381
8376201
8376191
8376151
8376091
8376081
8376071
8376061
8376051
8376041
8376031
8376021
8376011
8376001
8375991
8375981
8375971
8375961
8375951
8375941
8375931
8375921
8375911
8375901
8375891
8375881
8375721
8375581
8375571
8375531
8375521
8375511
8375501
8375491
8375481
8375471
8375461
8375451
8375441
8375431
8375381
8375361
8375351
8375341
8375331
8375291
8375271
8375231
8375221
8375211
8375041
8375031
8374931
8374911
8374891
8374881
8374871
8374841
8374831
8374821
8374811
8374801
8374791
8374781
8374761
8374751
8374741
8374731
8374721
8374711
8374701
8374691
8374681
8374671
8374661
8374651
8374641
8374631
8374621
8374611
8374601
8374591
8374581
8374571
8374391
8374381
8374351
8370721
8370711
8370701
8370531
8370331
8366941
8366841
8366561
8366551
8366541
8366531
8366521
8366481
8366471
8366261
8366251
8366241
8366201
8365981
8365971
8365961
8365951
8365811
8365781
8365701
8365641
8365631
8365621
8365611
8365591
8365581
8365501
8365481
8365471
8365461
8365451
8365441
8365431
8365421
8365411
8365401
8365381
8365341
8365151
8365141
8365131
8365101
8365011
8364721
8364711
8364701
8364521
8364431
8364321
8364201
8364131
8364091
8364011
8364001
8363991
8363981
8363971
8363961
8363951
8363941
8363931
8363921
8363911
8363901
8363891
8363881
8363871
8363861
8363851
8363841
8363831
8363821
8363811
8363801
8363791
8363781
8363771
8363761
8363751
8363741
8363731
8363661
8363651
8363641
8363631
8363601
8363331
8363321
8363311
8363291
8363281
8363271
8363101
8363091
8363071
8363061
8363041
8362841
8362591
8362561
8362551
8362541
8362531
8362361
8362351
8362331
8362311
8362301
8362291
8362281
8362271
8362261
8362251
8362241
8362231
8362221
8362211
8362201
8362191
8362181
8362171
8362161
8362151
8362141
8362131
8362121
8362111
8362101
8362091
8362081
8362071
8362061
8362051
8361791
8359851
8359751
8359731
8359721
8359701
8359681
8359471
8359081
8359011
8357441
8357431
8357421
8357411
8357401
8357391
8356771
8356761
8356701
8355861
8355811
8355801
8355071
8355051
8355041
8355031
8354351
8354151
8354141
8354101
8354091
8354081
8354071
8354061
8354051
8353751
8353741
8352661
8352641
8352601
8352531
8352291
8352281
8352221
8352201
8351711
8351581
8351431
8351281
8351251
8351131
8351081
8350571
8350531
8350381
8350251
8349441
8349341
8349161
8349001
8348951
8348941
8348291
8348141
8348051
8347711
8347691
8345851
8345841
8345801
8345391
8345381
8344921
8344291
8344231
8344211
8344171
8344161
8344151
8343301
8343241
8343171
8343071
8343041
8341841
8341821
8341751
8340511
8340501
8340491
8340481
8340341
8340331
8340321
8340281
8340251
8340231
8339681
8339671
8339661
8339651
8339641
8339561
8339551
8339541
8339531
8339521
8339511
8339501
8339491
8339481
8339471
8339461
8339441
8339431
8339391
8339381
8339371
8339361
8339351
8255951
8254981
8254951
7826451
7292831
7292811
7291171
7290461
7290451
7290441
7290431
7290421
7290401
7290391
7290371
7290361
7290341
7290331
7290321
7290311
7290301
7290291
7290281
7290271
7290261
7290251
7290221
7290191
7290171
7290161
7290151
7290141
7050451
7050441
7013181
6853951
6853941
6640231
6618311
6618301
6609101
6609011
6606261
6606211
6606201
6488451
6098421
6070781
5838951
5838861
5838031
5798961
5798521
5636151
5499501
5488861
5398741
5395061
5381391
5376581
5321641
5027181
4966611
4660531
4389541
4251191
2579921
2579211
2559531
2334371
2193361
2193341
2193251
2131321
2068261
2068251
2055661
2055391
2055161
2055111
2054591
2054351
2053791
2053611
2053281
2053141
2053121
2023451
2023371
2004361
1996221
1981951
1912761
1866231
1866221
1866211
1866201
1866191
1866181
1866171
1866161
1866081
1866051
1866041
1862991
1862971
1862111
1824671
1824661
1824651
1824641
1824631
1824621
1824611
1824601
1824591
1824581
1824571
1824561
1824551
1824541
1824531
1824521
1824511
1824501
1824491
1824481
1824471
1824461
1824451
1824441
1824431
1824421
1824411
1824401
1824391
1824381
1824371
1824361
1824351
1824341
1824331
1824321
1824311
1824301
1824291
1824281
1824271
1824261
1824251
1824241
1824231
1824221
1824201
1824191
1824181
1824171
1824161
1824151
1824141
1824131
1824121
1824111
1824101
1824091
1824071
1824061
1824051
1824041
1824031
1824021
1824011
1824001
1823991
1823981
1823961
1823951
1823561
1823551
1823541
1823531
1823521
1823511
1823501
1823471
1823451
1823411
1823361
1823331
1823321
1823311
1823301
1823291
1823281
1823271
1823261
1823251
1823241
1823231
1823221
1823211
1823201
1823191
1823181
1823171
1823161
1823151
1823141
1823131
1823121
1823111
1823101
1823091
1823081
1823071
1823061
1823051
1823041
1823031
1823021
1823011
1823001
1822991
1822981
1822971
1822961
1822951
1822941
1822931
1822921
1822911
1822901
1822891
1822881
1822871
1822861
1816331
1816321
1816311
1816301
1816291
1816281
1816271
1784861
1753761
1753751
1753741
1753731
1753721
1753711
1753701
1753691
1753681
1753671
1753661
1753651
1753641
1753631
1753621
1753611
1753601
1753591
1753581
1753571
1753561
1753551
1753541
1753531
1753521
1753511
1716181
1713211
1713201
1713191
1713181
1713171
1713161
1713151
1713141
1713131
1713121
1713111
1713101
1704621
1704611
1704601
1704541
1704531
1704521
1704511
1704501
1704491
1704481
1704471
1704461
1704451
1690531
1687951
1559891
1533131
1525351
1525281
1516151
1493941
1422511
1167961
1154981
1141401
1140231
1132361
1125381
1110271
1065721
1065091
1065081
1065071
1064781
1064571
1062001
1060961
1020901
1015421
1014471
1013781
944911
870341
859411
841031
813331
804481
802141
784101
763971
707541
706168
704738
700758
642201
642191
632441
632211
620091
611621
611581
603321
603311
603301
603291
599081
598778
585161
585141
582731
572141
572131
572121
572111
561668
524218
521878
508231
508171
508091
487961
487471
485801
448378
443538
397958
368578
365298
355941
344941
344931
343731
340241
331778
329181
329131
327591
326968
320101
304538
294518
293148
281188
254138
247311
247211
238948
238558
236381
232401
228838
220031
215291
167788
165398
111478
88331
84681
81581
47071
37871
6328
6208
5238
4348
2928
2908
2758
2578
2568
